35068
9904
17865
34139
43286
44063
11881
61475
41768
63265
25472
56739
8314
28316
11362
63883
28438
31589
62195
12827
23413
50153
29447
42956
8051
44941
42360
24386
35819
28501
45099
53336
60271
20802
35540
12649
63290
65467
32791
45256
20714
28674
12108
29494
60071
11915
10787
24549
37356
53322
36317
36446
8813
54002
18634
20615
18852
37114
6102
7092
63908
58703
28691
30592
9233
64967
60957
7492
62403
54318
38202
22413
22530
9563
19575
43889
56838
44822
53810
35028
58278
59758
2637
36120
20006
8532
22849
55002
11496
19256
2393
35779
6946
27472
51456
37291
26713
19037
8459
21558
